0.6444264639
0.4220699557
0.3349824364
0.2858459136
0.2533608853
0.2298744173
0.2118869823
0.1975457391
0.1857671602
0.1758701995
0.1674026459
0.1600509858
0.1535901457
0.1478538253
0.142716144
0.1380798354
0.1338683983
0.1300207263
0.1264873426
0.1232277023
0.1202082211
0.1174008116
0.1147817781
0.112330972
0.1100311372
0.1078673971
0.1058268493
0.1038982407
0.1020717062
0.1003385563
0.09869110254
0.09712251432
0.09419820489
0.09283213262
0.09152406944
0.09027002685
0.08906638989
0.0867974842
0.08572648876
0.08469438477
0.0827378541
0.08180937332
0.08004299711
0.07920190741
0.07759679114
0.07683020918
0.07536325163
0.07397777444
0.07266651368
0.07203668755
0.07082500962
0.06967293717
0.06857574562
0.06702375824
0.06604626801
0.06511070259
0.06377967711
0.06293679095
0.06173344969
0.06096891532
0.05987410606
0.05883684231
0.0578522636
0.05691606531
0.05602441946
0.05517390896
0.05436147264
0.05333273449
0.0525988999
0.05166661477
0.05099950588
0.05014952505
0.04934130768
0.04857155202
0.04765898348
0.04696545273
0.04614039781
0.04535811651
0.04476068224
0.04390803628
0.04323426489
0.04259121891
0.04185695932
0.04116022838
0.0404979477
0.03986738102
0.03926608677
0.03859866958
0.03796503408
0.03736243736
0.03678843825
0.036240856
0.03564489624
0.03507828647
0.034538708
0.0339614239
0.03341311221
0.03289144323
0.03234054149
0.03186856715
0.03131989947
0.03084591274
0.03034960629
0.02987751903
0.02938791883
0.02892270747
0.02847994233
0.02802360462
0.027589615
0.02714523203
0.02672279615
0.02632057638
0.02591030729
0.02549440306
0.02509912375
0.02472283853
0.0243204145
0.02395906575
0.02357499131
0.02321014498
0.02286299548
0.02249825246
0.02215181942
0.02182223638
0.02147906021
0.02115301231
0.02082958498
0.02052195984
0.02020511501
0.01990399412
0.01959588103
0.01930320023
0.01901503353
0.01873168601
0.01845340704
0.01818039594
0.01791280718
0.01764324629
0.0173871811
0.01712998265
0.01687912359
0.01663454766
0.01639037592
0.01615290634
0.01592199118
0.01569250552
0.01546975826
0.01524906455
0.01503515207
0.01482374273
0.01461521413
0.01440988757
0.01421148337
0.01401642017
0.01382490457
0.01363415464
0.01345035271
0.01327049209
0.01309212834
0.01291808731
0.01274611244
0.01257869023
0.01241577537
0.01225538249
0.01209774514
0.01194478876
0.01179311844
0.01164624186
0.01150106727
0.01135930754
0.01122101234
0.01108621144
0.01095255238
0.01082376833
0.01069646688
0.01057295552
0.01045127563
0.01033255958
0.01021770612
0.01010421156
0.009993876107
0.009885982459
0.009780633629
0.009678545426
0.009577869979
0.009480555962
0.009385458938
0.009292681398
0.009202303844
0.009113940408
0.009028553786
0.008945301758
0.008864268662
0.008785169187
0.00870877246
0.008634429085
0.008562214405
0.008492185793
0.00842412917
0.008358598607
0.00829488803
0.008233087452
0.008173660184
0.008116033403
0.008060629079
0.008006962011
0.007955412542
0.007905846093
0.007858158137
0.007812389179
0.007768456538
0.007726503556
0.007686441003
0.007648200495
0.007611731515
0.007577145669
0.007544383283
0.007513399611
0.007484218492
0.00745680299
0.00743121845
0.007407337695
0.007385189496
0.007364824947
0.007346184143
0.007329279985
0.007314073563
0.007300600022
0.007288827252
0.007278764716
0.007270404197
0.007263740789
0.007258777352
0.007255504148
0.007253923804
0.007254034452
0.00725583715
0.007259335715
0.007264522559
0.007271408689
0.00727999894
0.007290277005
0.007302273827
0.007315983501
0.007331394653
0.007348534945
0.007367407655
0.00738801468
0.007410373615
0.007434468047
0.007460332536
0.0074879672
0.0075173899
0.007548598834
0.007581610831
0.007616421844
0.0076530896
0.007691588079
0.007731953366
0.007774177786
0.007818296261
0.007864321073
0.007912240675
0.007962132675
0.00801396057
0.008067754356
0.008123542948
0.008181353975
0.008241190533
0.008303077184
0.008367036897
0.008433067902
0.008501235864
0.008571558384
0.008644028262
0.008718682315
0.00879553244
0.008874633869
0.00895601658
0.009039663405
0.009125622515
0.009213939187
0.00930463378
0.009397702459
0.009493226218
0.00959119591
0.009691664655
0.009794639718
0.009900168066
0.0100082931
0.01011903411
0.01023242804
0.01034848824
0.01046728538
0.01058884575
0.01071319242
0.01084036473
0.01097039817
0.01110334349
0.01123924697
0.01137811354
0.0115200188
0.01166499641
0.01181307611
0.01196430149
0.01211872909
0.01227639304
0.01243735734
0.01260162989
0.01276929857
0.01294037875
0.01311494702
0.01329304146
0.01347469544
0.01365998449
0.01384894666
0.01404164544
0.0142381231
0.01443844616
0.01464266007
0.0148508334
0.01506301381
0.01527927107
0.01549965421
0.01572423337
0.01595307156
