0.00500377679
0.01000755358
0.01501133037
0.02001510716
0.02501888395
0.03002266074
0.03502643753
0.04003021432
0.04503399111
0.0500377679
0.05504154468
0.06004532147
0.06504909826
0.07005287505
0.07505665184
0.08006042863
0.08506420542
0.09006798221
0.095071759
0.1000755358
0.1050793126
0.1100830894
0.1150868662
0.1200906429
0.1250944197
0.1300981965
0.1351019733
0.1401057501
0.1451095269
0.1501133037
0.1551170805
0.1601208573
0.1701284108
0.1751321876
0.1801359644
0.1851397412
0.190143518
0.2001510716
0.2051548484
0.2101586252
0.2201661787
0.2251699555
0.2351775091
0.2401812859
0.2501888395
0.2551926163
0.2652001698
0.2752077234
0.285215277
0.2902190538
0.3002266074
0.310234161
0.3202417145
0.3352530449
0.3452605985
0.3552681521
0.3702794824
0.380287036
0.3952983664
0.40530592
0.4203172503
0.4353285807
0.4503399111
0.4653512414
0.4803625718
0.4953739022
0.5103852325
0.5304003397
0.5454116701
0.5654267772
0.5804381076
0.6004532147
0.6204683219
0.6404834291
0.665502313
0.6855174202
0.7105363041
0.7355551881
0.7555702952
0.785592956
0.8106118399
0.8356307238
0.8656533846
0.8956760453
0.9256987061
0.9557213668
0.9857440275
1.020770465
1.055796903
1.09082334
1.125849778
1.160876215
1.200906429
1.240936644
1.280966858
1.326000849
1.37103484
1.416068831
1.466106599
1.51114059
1.566182135
1.616219903
1.671261448
1.726302992
1.786348314
1.846393635
1.906438957
1.971488055
2.036537153
2.106590028
2.176642903
2.246695778
2.32175243
2.401812859
2.481873288
2.561933716
2.652001698
2.737065904
2.832137663
2.927209422
3.022281181
3.127360493
3.232439806
3.337519119
3.452605985
3.567692851
3.687783494
3.807874137
3.937972333
4.06807053
4.20817628
4.34828203
4.493391557
4.643504861
4.798621941
4.958742798
5.123867432
5.29899962
5.474131808
5.659271549
5.849415067
6.044562362
6.24971721
6.459875835
6.675038237
6.900208193
7.130381925
7.370563211
7.615748274
7.87094089
8.13614106
8.411348783
8.691560283
8.981779337
9.282005945
9.597243882
9.917485597
10.24773486
10.59299546
10.94826362
11.3185431
11.69883013
12.08912472
12.49443064
12.91474789
13.3450727
13.79541261
14.25576007
14.73612265
15.23149655
15.74188178
16.26727834
16.81769379
17.37811679
17.96355867
18.56401189
19.18948399
19.83497119
20.49546973
21.18599093
21.89652723
22.63208242
23.39265649
24.17324567
24.98886129
25.82449201
26.6901454
27.58582144
28.51152015
29.47224529
30.45798932
31.47875978
32.53455669
33.6303838
34.75623358
35.92211357
37.12802378
38.3739642
39.66493861
40.99093946
42.36697808
43.79305446
45.25916106
46.78030921
48.34649134
49.9727188
51.64898402
53.38029079
55.17164288
57.02304029
58.9394868
60.91597864
62.95751957
65.06911337
67.25576383
69.51246716
71.84422714
74.25604756
76.7479284
79.32487344
81.98187892
84.73395615
87.58110515
90.51832212
93.55561463
96.69298268
99.94043382
103.2929643
106.7605816
110.3432858
114.0460806
117.8739698
121.8269535
125.9150391
130.1382267
134.5065239
139.0199305
143.6884543
148.5070913
153.490853
158.6447431
163.9637578
169.4679123
175.1572065
181.0316405
187.1062255
193.3859654
199.8758639
206.5859285
213.5161594
220.6815677
228.0871574
235.7429359
243.653907
251.8300783
260.2764535
269.0130478
278.0398611
287.3719048
297.0141827
306.981706
317.2844824
327.9275157
338.9358246
350.3094093
362.0632809
374.212451
386.7719307
399.7517277
413.1668533
427.0323188
441.3581317
456.169311
471.480868
487.3028102
503.6551527
520.552907
538.0210917
556.0797222
574.7388058
594.0233616
613.9584083
634.5639611
655.8550314
677.8666455
700.6138147
724.1265619
748.424902
773.5388577
799.4984517
826.3287028
854.0596338
882.7162634
912.338622
942.9567322
974.6006166
1007.305302
1041.105814
1076.042183
1112.154441
1149.472608
1188.046723
1227.916817
1269.122918
1311.710063
1355.728287
1401.222626
1448.24812
1496.8448
1547.077715
1598.9919
1652.652402
1708.114264
1765.432527
1824.677244
1885.908461
1949.196229
2014.6056
2082.211628
2152.084367
2224.303877
2298.945216
2376.093446
2455.828629
2538.240833
2623.420125
