0.2690112974
0.1903049299
0.1552834282
0.1343514535
0.1201270554
0.1096502063
0.1015242303
0.09498120506
0.0895720946
0.08496202901
0.08100438266
0.07756131917
0.07452453412
0.07180402669
0.06936014557
0.06714111596
0.0651088166
0.06326456467
0.06158013238
0.06001788123
0.05857095764
0.05721731933
0.05594587065
0.05475163374
0.05362968043
0.05257904799
0.05158932055
0.05065684164
0.04977610934
0.04894237158
0.04814891749
0.04739925103
0.04599730713
0.0453389432
0.0447060655
0.04409798781
0.04351387581
0.04241383325
0.04189192207
0.04138905003
0.04043419678
0.03998222188
0.03912140874
0.03871099547
0.03792216519
0.0375461665
0.03682238917
0.03613322783
0.0354836743
0.03517092524
0.03457376626
0.03400603099
0.03346367629
0.0326971041
0.03221578372
0.03175595747
0.03110073461
0.0306888822
0.03009949974
0.02972875673
0.02920116921
0.02869936488
0.02822085595
0.02776851979
0.02733922053
0.02693343849
0.02654336056
0.02604878162
0.02569816045
0.02525115479
0.02492977554
0.02451883373
0.02412620875
0.02375395283
0.02330593769
0.02296341652
0.02255581054
0.02216912185
0.02187460152
0.02145468564
0.02112041115
0.02080181084
0.02043971361
0.02009335818
0.01976546101
0.0194545092
0.01915851047
0.01883177897
0.01852487414
0.01823073865
0.01795000287
0.01768108182
0.01738666753
0.01710839141
0.01684195625
0.01656090222
0.01629307604
0.01603905322
0.01577149561
0.0155402858
0.01527073436
0.01503827879
0.01479489928
0.01456151925
0.01431974129
0.01408872628
0.01386678355
0.0136346542
0.01341317697
0.01318513811
0.01296888699
0.01276137602
0.01254982772
0.01233593212
0.01213046945
0.01193535632
0.01172478112
0.01153525465
0.01133115113
0.01114194533
0.01096252891
0.01077642097
0.01059777533
0.01042573436
0.01024084704
0.01006730377
0.009896038419
0.009734950325
0.009571128545
0.009419852965
0.009269351745
0.009124171676
0.008978445909
0.008831364901
0.008687217015
0.008544519197
0.008403904333
0.008265071967
0.008137947381
0.008010434438
0.00788113374
0.007755464129
0.007629227461
0.007505221382
0.007387350373
0.007274794672
0.007164610316
0.007057054787
0.006954491354
0.006850890553
0.006743498167
0.006634666354
0.006532843604
0.006436945122
0.006347018504
0.006260488913
0.006180191515
0.006101291929
0.006018638004
0.005937937935
0.005858151503
0.005779398433
0.00570272891
0.005630395369
0.005564173746
0.005502209485
0.005440469954
0.005380150352
0.005320125581
0.005258731273
0.005198520311
0.005138406478
0.005072377641
0.00500782511
0.004943044529
0.004879935998
0.004816038783
0.00475555949
0.004697325272
0.00464187523
0.004585176658
0.004531055828
0.00448176184
0.004435141393
0.004388646636
0.004341226192
0.004295181057
0.004248666398
0.004203260914
0.004159227945
0.004116867298
0.004075231451
0.004033504452
0.003994177291
0.003952816755
0.003909093077
0.003863884986
0.003820211351
0.003773730664
0.003727814583
0.003685172493
0.003643932322
0.003603738335
0.003565516101
0.003526715788
0.003486828375
0.003447319478
0.003407937861
0.003372994645
0.003342295003
0.003314471056
0.003287913955
0.003264526205
0.00324598701
0.003231746115
0.003222630162
0.003221147018
0.003225026746
0.003233119202
0.003246547483
0.003263110319
0.003280818831
0.003300563699
0.003323086794
0.003348676088
0.003378937019
0.003412225763
0.003449901853
0.003489161268
0.003530259012
0.003574119497
0.003622743953
0.003676182563
0.003734545009
0.00379891761
0.003867314093
0.003937824674
0.004011584813
0.004089271511
0.00416844428
0.004249937253
0.004335584695
0.00442555955
0.004518528559
0.004614707791
0.004713434042
0.004815428851
0.004921326069
0.005031797957
0.005146535399
0.005265027908
0.005386813812
0.005511563659
0.005639510888
0.0057706942
0.00590395168
0.006040087071
0.006179192891
0.006321757778
0.006467880245
0.006619282479
0.006776023251
0.006937376176
0.007102411651
0.007273196961
0.007449014639
0.007629963301
0.007815779234
0.008005628722
0.00819988406
0.008399603037
0.008602682137
0.008810765275
0.009022711633
0.009241215885
0.009466141225
0.009697981728
0.009935883782
0.01017908524
0.0104296885
0.01068904102
0.01095404349
0.01122321786
0.01149923144
0.01178542682
0.01207927379
0.01238607916
0.01270722483
0.01304165795
0.01338910065
0.01374914987
0.01412268904
0.01451031422
0.01491025567
0.01532317729
0.0157485884
0.01618632986
0.01663532613
0.01709280437
0.01755844955
0.01803046759
0.01850898893
0.01899237137
0.01948068058
0.01997036452
0.0204605659
0.02095008894
0.02142806275
0.0218811013
0.02230442065
0.02269733501
0.02305336712
0.02336166147
0.02360809992
0.02377204406
0.02383868478
0.02380308191
0.02366645906
0.02342691743
0.02308031507
0.02262386414
0.02209465622
0.02148802712
0.02078546641
0.01996882115
0.01906713151
