0.005000805649
0.0100016113
0.01500241695
0.02000322259
0.02500402824
0.03000483389
0.03500563954
0.04000644519
0.04500725084
0.05000805649
0.05500886213
0.06000966778
0.06501047343
0.07001127908
0.07501208473
0.08001289038
0.08501369603
0.09001450167
0.09501530732
0.100016113
0.1050169186
0.1100177243
0.1150185299
0.1200193356
0.1250201412
0.1300209469
0.1350217525
0.1400225582
0.1450233638
0.1500241695
0.1550249751
0.1600257808
0.1700273921
0.1750281977
0.1800290033
0.185029809
0.1900306146
0.2000322259
0.2050330316
0.2100338372
0.2200354485
0.2250362542
0.2350378655
0.2400386711
0.2500402824
0.2550410881
0.2650426994
0.2750443107
0.285045922
0.2900467276
0.3000483389
0.3100499502
0.3200515615
0.3350539785
0.3450555897
0.355057201
0.370059618
0.3800612293
0.3950636462
0.4050652575
0.4200676745
0.4350700914
0.4500725084
0.4650749253
0.4800773423
0.4950797592
0.5100821762
0.5300853987
0.5450878157
0.5650910383
0.5800934552
0.6000966778
0.6200999004
0.640103123
0.6651071513
0.6851103739
0.7101144021
0.7351184303
0.7551216529
0.7851264868
0.8101305151
0.8351345433
0.8651393772
0.8951442111
0.925149045
0.9551538789
0.9851587128
1.020164352
1.055169992
1.090175631
1.125181271
1.16018691
1.200193356
1.240199801
1.280206246
1.325213497
1.370220748
1.415227999
1.465236055
1.510243306
1.565252168
1.615260224
1.670269087
1.725277949
1.785287617
1.845297284
1.905306952
1.970317426
2.035327899
2.105339178
2.175350457
2.245361736
2.320373821
2.400386711
2.480399602
2.560412492
2.650426994
2.73544069
2.830455997
2.925471304
3.020486612
3.12550353
3.230520449
3.335537368
3.450555897
3.565574427
3.685593763
3.805613099
3.935634045
4.065654992
4.20567755
4.345700109
4.490723472
4.640747642
4.795772617
4.955798398
5.120824984
5.295853182
5.47088138
5.655911189
5.845941803
6.040973223
6.246006255
6.456040092
6.671074735
6.896110989
7.126148049
7.36618672
7.611226197
7.866267285
8.131309985
8.406354295
8.686399412
8.976446139
9.276494478
9.591545234
9.911596795
10.24164997
10.58670556
10.94176276
11.31182238
11.69188361
12.08194645
12.4870117
12.90707938
13.33714866
13.78722117
14.24729529
14.72737263
15.22245239
15.73253457
16.25761916
16.80770778
17.36779802
17.95289228
18.55298896
19.17808966
19.82319359
20.48329994
21.17341112
21.88352552
22.61864395
23.37876641
24.15889209
24.97402341
25.80915795
26.67429733
27.56944154
28.49459059
29.45474527
30.43990398
31.46006833
32.51523833
33.61041476
34.73559603
35.90078375
37.10597791
38.35117852
39.64138638
40.96659987
42.34182143
43.76705104
45.23228709
46.75253201
48.31778418
49.94304601
51.6183159
53.34859466
55.13888308
56.98918117
58.90448973
60.87980797
62.92013667
65.03047665
67.21582872
69.47119207
71.8015675
74.21195582
76.70235704
79.27777195
81.93319975
84.68364285
87.52910127
90.46457418
93.50006321
96.63556835
99.88109122
103.231631
106.6971893
110.2777662
113.9783623
117.8039787
121.7546151
125.8402733
130.0609533
134.4266566
138.9373833
143.603135
148.4189108
153.3997133
158.5505431
163.8663995
169.3672857
175.0532017
180.9241476
186.9951256
193.2711367
199.7571816
206.463262
213.3893778
220.5505315
227.9517239
235.6029565
243.5092303
251.6805467
260.1219066
268.8533133
277.8747667
287.2012692
296.8378217
306.7994265
317.0960854
327.732799
338.7345714
350.1014026
361.8482951
373.9902512
386.5422734
399.5143633
412.9215232
426.7787557
441.0960622
455.8984469
471.2009122
487.0134597
503.3560926
520.2438132
537.7016257
555.7495333
574.3975376
593.6706426
613.5938523
634.1871699
655.465598
677.464142
700.1978045
723.6965902
747.9805025
773.079546
799.0237257
825.8380456
853.5525105
882.1921245
911.7968939
942.3968237
974.0219186
1006.707184
1040.487626
1075.403251
1111.494066
1148.790074
1187.341285
1227.187705
1268.369339
1310.931196
1354.923283
1400.390608
1447.38818
1495.956004
1546.159092
1598.042451
1651.67109
1707.10002
1764.384249
1823.593788
1884.788647
1948.038836
2013.409368
2080.975253
2150.806503
2222.983131
2297.580149
2374.68257
2454.370408
2536.733677
2621.862392
