87517.36787
61796.17423
50432.48455
43665.52016
39050.14084
35644.42641
32998.15842
30865.44806
29099.13689
27605.0536
26319.76418
25198.76969
24209.8086
23328.8443
22537.55158
21821.68251
21169.96959
20573.36927
20024.52765
19517.39512
19046.94327
18608.9534
18199.85628
17816.60899
17456.59916
17117.56968
16797.55892
16494.85278
16207.94591
15935.51015
15676.36858
15429.47405
14968.78235
14753.39328
14547.04425
14349.1201
14159.06277
13800.56256
13631.23354
13467.98984
13158.36304
13011.35064
12731.53187
12598.22864
12343.72392
12222.12425
11989.33421
11769.36267
11561.0749
11460.99555
11268.39733
11085.19707
10910.65459
10663.64715
10508.00452
10358.98691
10146.89463
10012.53278
9820.641445
9698.681338
9523.976091
9358.38911
9201.153958
9051.591461
8909.09733
8773.131878
8643.211396
8478.641798
8361.207517
8211.965379
8105.138203
7968.983863
7839.473858
7716.084896
7569.749135
7458.496998
7326.099979
7200.518992
7104.579647
6967.607414
6859.327913
6755.950311
6637.864905
6525.770147
6419.17623
6317.647639
6220.795652
6113.249839
6011.103959
5913.920928
5821.311643
5732.928411
5636.695277
5545.15988
5457.952245
5364.60663
5275.902052
5191.466493
5102.254014
5025.784353
4936.84208
4859.963926
4779.421977
4702.767184
4623.222288
4547.594062
4475.571603
4401.295253
4330.611066
4258.186206
4189.291272
4123.648898
4056.646157
3988.672754
3924.021006
3862.429333
3796.506527
3737.263937
3674.242792
3614.324039
3557.261743
3497.252635
3440.201396
3385.873354
3329.248524
3275.394345
3221.916961
3170.998157
3118.495368
3068.541053
3017.366431
2968.695733
2920.716604
2873.479964
2827.027745
2781.393779
2736.604652
2691.420915
2648.436495
2605.197267
2562.958487
2521.712591
2480.46775
2440.287639
2401.149808
2362.185992
2324.298123
2286.690227
2250.168975
2214.005308
2178.263309
2142.997923
2108.850241
2075.206196
2042.102028
2009.056058
1977.140583
1945.8368
1914.719369
1884.281711
1854.130037
1824.701428
1795.990826
1767.650025
1739.720853
1712.546691
1685.525683
1659.284261
1633.27199
1607.796803
1582.870171
1558.500241
1534.262735
1510.836935
1487.608507
1465.000478
1442.656767
1420.787171
1399.561077
1378.518334
1357.994807
1337.860294
1318.136855
1298.96225
1279.992287
1261.597293
1243.56497
1225.918017
1208.675342
1191.766827
1175.380836
1159.36014
1143.724901
1128.424019
1113.610723
1099.163762
1085.102192
1071.441814
1058.145549
1045.326564
1032.851681
1020.743391
1009.097521
997.8069088
986.9593312
976.4649621
966.4033787
956.7533696
947.4997448
938.6555324
930.2099264
922.1954438
914.5997313
907.4146488
900.6356839
894.2881885
888.3653716
882.8634195
877.7906294
873.1443942
868.9389576
865.1566329
861.8056807
858.896275
856.4218416
854.3861059
852.7863881
851.6278446
850.9085081
850.6297588
850.7913706
851.3934275
852.4346015
853.9157749
855.8347373
858.1932495
860.9879448
864.2209886
867.8837402
871.9817937
876.5137136
881.4680294
886.8560312
892.6704021
898.9024996
905.5592702
912.6371068
920.1319058
928.0450644
936.365853
945.1011715
954.2457497
963.8001657
973.7585044
984.1208381
994.8806527
1006.050344
1017.61652
1029.584702
1041.947328
1054.709403
1067.86923
1081.41848
1095.373991
1109.720498
1124.461523
1139.600206
1155.139284
1171.074965
1187.40932
1204.144023
1221.274404
1238.81333
1256.761156
1275.112093
1293.871676
1313.039216
1332.624868
1352.632455
1373.054367
1393.899141
1415.174539
1436.882329
1459.018655
1481.599898
1504.621084
1528.092015
1552.011806
1576.388889
1601.230855
1626.539793
1652.321907
1678.578104
1705.322306
1732.558391
1760.289608
1788.522894
1817.264371
1846.523543
1876.308928
1906.620038
1937.471874
1968.870277
2000.820288
2033.329989
2066.410249
2100.067141
2134.313133
2169.148777
2204.591631
2240.643893
2277.320711
2314.629111
2352.575182
2391.173824
2430.432125
2470.362468
2510.972843
2552.276265
2594.281397
2637.001674
2680.446229
2724.628728
2769.558597
2815.249577
2861.713938
