0.565401449
0.3999243565
0.3265257158
0.2827961349
0.2530461487
0.2310278379
0.2138672286
0.199994917
0.1885324054
0.1788110736
0.1704417757
0.1631158221
0.1566504463
0.1509163657
0.1457713945
0.1411178861
0.1368930361
0.1330173512
0.1294797504
0.1262183639
0.1232039281
0.1204121991
0.1178057565
0.1153693618
0.1130665768
0.1108965811
0.1088405897
0.1068926505
0.1050217056
0.1032516117
0.1015610819
0.09994109087
0.09691258193
0.09549952465
0.09414004064
0.09283586182
0.09158368538
0.08921674531
0.08810254184
0.08702429513
0.08497310207
0.08400136432
0.0821491132
0.08126764269
0.07958505384
0.07878696663
0.07726457826
0.0758276092
0.0744685831
0.0738168401
0.07256556574
0.0713779052
0.07023589064
0.06861962529
0.0676029934
0.06662797466
0.06524338225
0.06436220896
0.06310217447
0.06230517992
0.06116538217
0.0600774244
0.05904785902
0.05806329096
0.0571338052
0.05624755365
0.05539977442
0.05433169898
0.05357283581
0.05261451406
0.0519315399
0.05106031262
0.05023035956
0.04945403466
0.04853345373
0.04783354156
0.04700176406
0.04621077165
0.04559895144
0.04472173427
0.0440209019
0.04334771095
0.04257990708
0.04184053105
0.04114963982
0.04048691496
0.03985761234
0.03915916322
0.0384930857
0.0378605137
0.0372583367
0.03668225324
0.0360484275
0.03544251873
0.03486426382
0.0342372556
0.03364268216
0.03307675034
0.03247549361
0.03196648903
0.0313793032
0.03087060028
0.03034421962
0.02985582137
0.02936037711
0.02888788719
0.02843647025
0.02797299242
0.02752653773
0.02706727572
0.02662595913
0.02621134696
0.02579277499
0.02537248812
0.02496865314
0.0245810008
0.02417671469
0.02380787094
0.02340950442
0.02303721533
0.02268829129
0.02232017427
0.021969812
0.02163067973
0.02127622455
0.02093900942
0.02059647681
0.02026995501
0.01993518087
0.01961731009
0.01929181928
0.01898616642
0.0186842884
0.01838232481
0.01809221168
0.01781637745
0.01754273319
0.01726954524
0.01702078947
0.01677660935
0.01653015272
0.01628363547
0.01603367954
0.01578791406
0.01555236713
0.01531270751
0.01507944609
0.01484947386
0.01462701642
0.014409977
0.01419614991
0.01398613781
0.013782014
0.01358040708
0.01337812738
0.01317073663
0.01297948961
0.01279930782
0.01262056274
0.01243913418
0.01225753586
0.01208224214
0.01191102862
0.01174152117
0.01158110895
0.01142132759
0.01126463229
0.01110484818
0.01094748415
0.01079392373
0.01063992071
0.01048586817
0.01033114818
0.01017779633
0.01002244729
0.009883175422
0.009746714413
0.009608235225
0.009472712423
0.009331998102
0.009193250269
0.009054335564
0.008921059361
0.008797833151
0.008680961659
0.008567649278
0.008462944145
0.008360388264
0.008259534871
0.008159220043
0.008057566818
0.007959701171
0.007868639408
0.007784069317
0.007700961442
0.0076232246
0.007546545246
0.00747766516
0.007412047971
0.007355947287
0.007306341797
0.007253703679
0.007204864141
0.007160983045
0.007115090045
0.007069530456
0.007025779695
0.006986332071
0.006958120685
0.006943743064
0.006936107735
0.006935261124
0.00693561944
0.006940098462
0.006950327771
0.00697024641
0.00699470141
0.00702381539
0.007052403281
0.007082525503
0.007118915918
0.007164154871
0.007216025471
0.007272392156
0.007330313605
0.007394345388
0.007465432775
0.007537772392
0.007610192873
0.007680534753
0.007747758499
0.007810334755
0.007869228372
0.007927132374
0.007984091685
0.008037684036
0.00809021888
0.008141572173
0.00819528289
0.008250379539
0.008302890511
0.008351053173
0.008399984577
0.00844936394
0.008501427809
0.008556314446
0.008615903074
0.008675972129
0.008739763166
0.008810741084
0.008888496321
0.00897159173
0.009064078667
0.009166226921
0.009274373294
0.009389889867
0.009512218583
0.009640711455
0.00977169257
0.009903005834
0.01003601315
0.01017095088
0.0103083067
0.01044148231
0.01057347777
0.01070265888
0.01082931787
0.01095379271
0.01107886061
0.01120494637
0.01133036511
0.01145397339
0.01157442451
0.0116891468
0.0117975574
0.01189877531
0.01198978537
0.01207113513
0.01214359178
0.01220558176
0.01225947632
0.01230338064
0.01233524417
0.01235002123
0.01235024574
0.01233777287
0.01231586381
0.0122816566
0.01222571557
0.01215185852
0.01206168403
0.01196978868
0.01188221662
0.01180004845
0.01172307491
0.01165267332
0.01158577704
0.01152504707
0.01147159179
0.01141818939
0.01135463214
0.01128090559
0.01120686062
0.01113123703
0.01105694641
0.01097995375
0.01088988875
0.01077250977
0.01062369674
0.01046662443
0.01031627631
0.01014833077
0.009922438414
0.009643433056
0.009305874392
0.008963615976
0.008623735352
0.008315523832
0.008022468895
0.007701419295
0.0074476869
0.007403120789
0.007528629868
0.007613884686
0.007651612835
0.007612613994
