43731.64922
30950.56814
25297.31148
21913.00637
19590.55833
17874.28034
16543.83531
15471.47102
14584.96619
13834.63007
13190.90815
12625.42307
12129.0097
11688.08397
11293.889
10937.60131
10613.9079
10318.43473
10044.98993
9794.020458
9560.339254
9342.256209
9139.156229
8948.787253
8768.519261
8598.696343
8437.640488
8284.481387
8139.607421
8002.544006
7871.153847
7745.494557
7511.257113
7401.798548
7296.952545
7196.559518
7100.047438
6918.171454
6831.744404
6748.259423
6590.53354
6515.561374
6372.57263
6304.836501
6176.167455
6114.502177
5996.286739
5885.18122
5780.660184
5730.526924
5634.316725
5543.240931
5456.692493
5334.018107
5256.425572
5182.342036
5077.380862
5010.858029
4915.359241
4854.918036
4768.890659
4688.213185
4611.808449
4538.814757
4469.536027
4403.223068
4339.498102
4259.101322
4201.616967
4128.408843
4075.585699
4007.552242
3942.519776
3880.464564
3806.316204
3749.68593
3681.92585
3617.622289
3568.248552
3497.429972
3441.386382
3387.87791
3326.179948
3267.700885
3212.335755
3159.201098
3108.896718
3054.395957
3002.90986
2954.011541
2907.203048
2862.930572
2815.592788
2770.73208
2728.003021
2682.625781
2639.61119
2598.374139
2554.490303
2517.133887
2474.197191
2437.144508
2397.393611
2359.142046
2320.064876
2283.696553
2249.074188
2213.18495
2178.509171
2142.251508
2107.001948
2073.153276
2038.137257
2002.007658
1968.409652
1936.421801
1902.046414
1871.37652
1838.663457
1808.057907
1779.64296
1749.72631
1720.886331
1693.51132
1665.157288
1637.746646
1609.67516
1583.136192
1555.383517
1528.872327
1502.158959
1477.321707
1452.976413
1428.797424
1405.35864
1381.84657
1359.122283
1336.342192
1314.781095
1293.177425
1272.436949
1251.938193
1230.961099
1210.500816
1191.327394
1172.834119
1154.548954
1136.339179
1118.918865
1102.272458
1085.311226
1068.086165
1051.065613
1034.24997
1018.104243
1002.191825
986.9315508
972.0232306
957.1958461
942.2068699
927.3933144
912.3654147
897.3445207
882.7404113
868.2342268
853.8764148
839.6742357
825.3980168
811.2587951
797.1546688
782.8718872
768.4018564
753.4330884
738.4907881
724.0278978
710.20187
696.4655721
683.237811
670.5933758
658.3443909
646.6645775
635.7248806
625.4314707
615.4170208
605.4319095
595.9969617
586.7436299
577.33191
569.2819586
561.1338798
553.2872038
545.0426552
537.5660975
530.7096361
523.8379775
516.2827282
508.8286616
501.611393
494.6741038
487.959445
481.1573226
474.1477
466.5625699
458.4855235
450.1111513
441.3336276
432.7858874
425.3220861
418.2810272
411.1755352
405.2487708
399.5219687
394.0209071
388.4337543
383.7941806
379.4812291
375.5401665
371.4042927
366.725187
361.6194485
355.7466724
350.1681228
345.1192027
340.5932261
336.6092686
333.4086941
330.7726573
328.5116905
325.3023651
321.4808142
317.4716259
313.0884939
308.3097173
303.7378532
299.4533269
294.3626864
289.22928
283.5518935
277.6719765
272.1741538
266.0880615
260.2827034
254.7153346
249.2410743
243.6435202
238.6546701
233.3660218
228.4204967
223.7480588
219.7843642
216.9818204
214.2927567
212.0887718
209.9944795
207.8451228
205.6740193
203.6386745
201.7667925
200.645299
199.802297
199.0622686
199.0979068
199.4964097
199.6613815
199.9714504
200.8723748
201.918934
203.2653955
204.2903154
204.8229449
205.0404429
204.6828311
204.0827117
203.1534594
202.5880702
202.86305
203.5155372
204.1696658
205.5435384
206.8584874
208.042828
209.3484324
210.6981318
212.492849
214.2616428
216.1592997
217.6667388
219.0732128
220.5362687
222.1700691
224.0679968
226.2041487
228.8158123
231.8637177
234.9963723
238.2214937
241.1920009
243.4484869
245.4328507
247.0080552
249.3505001
251.3244839
252.9182119
254.0644351
254.1258247
253.0194598
250.3083002
247.8364909
246.0783589
244.0002785
242.1060341
239.6710293
236.7379491
233.8597864
230.2874199
226.8342734
223.3394693
219.7924275
217.50474
216.0146365
214.9860453
211.0439706
205.8259627
201.0599864
195.3739274
188.1648564
