0.268574426
0.1898422735
0.1551127642
0.1342726016
0.1200118626
0.1094922322
0.1013569647
0.0948033723
0.08940132551
0.08482675363
0.08089108676
0.07747299911
0.07445863664
0.07178743281
0.06938764772
0.06720815709
0.06521450201
0.06338501548
0.06170579043
0.06015269961
0.05871450697
0.05737875021
0.05612843396
0.05495852393
0.0538603748
0.05282591855
0.05184738734
0.05091723937
0.05003328634
0.04919655452
0.04840714246
0.04765958334
0.04626532954
0.04560883732
0.04497771716
0.04437203067
0.04379109288
0.04269093003
0.04216763101
0.04166290727
0.04070258255
0.04024797816
0.03937540885
0.03896062756
0.03816179346
0.03778040156
0.03705214912
0.03636674219
0.03572060995
0.03541093834
0.03480988676
0.03423493908
0.03368930854
0.03291820423
0.03243425273
0.03197109764
0.03131554552
0.03090211616
0.03030958464
0.02993670208
0.02940370737
0.02889783458
0.02841454536
0.02795430071
0.02752188249
0.02711176797
0.02671780471
0.02621687822
0.02585841133
0.02540191159
0.02507439857
0.02466002908
0.02425957162
0.023874338
0.02341520924
0.02306158052
0.02264116892
0.02224078053
0.02193478868
0.02149661665
0.02114924454
0.02081690902
0.02043810547
0.02007756302
0.01973664462
0.01940839903
0.01909616601
0.01875208158
0.01842380511
0.01810933496
0.01780979582
0.01752480844
0.01721525695
0.01692663376
0.01665450686
0.01636658925
0.01610106987
0.01585302948
0.01559225473
0.01536675363
0.01510465761
0.01487706791
0.01463846953
0.01441311242
0.01418120959
0.01396227489
0.01375163216
0.01353548425
0.0133269407
0.01311582204
0.01291827082
0.01272897528
0.01253255274
0.01233338818
0.01214705759
0.0119710997
0.01178200534
0.01160889013
0.01142079182
0.01124184329
0.01107066517
0.01088959922
0.01071598771
0.01055360208
0.01038242197
0.01021960962
0.01005574931
0.009900757537
0.009739599232
0.009585647339
0.009427827055
0.009275713693
0.009125146122
0.008978006912
0.00883032551
0.008684290873
0.008539666459
0.008394168812
0.008257753108
0.008119004568
0.007978670131
0.007843274855
0.007711211963
0.007582872081
0.007460236686
0.007337965967
0.007217456388
0.007097880074
0.006982674861
0.006865851404
0.006751971352
0.006639160455
0.006529140358
0.006419557943
0.006313956402
0.006212745439
0.006116447794
0.006020678031
0.005926527867
0.005834065554
0.005742651937
0.005658149212
0.005576524286
0.005495257886
0.005418921887
0.005340923024
0.005264630265
0.005189942743
0.005112647858
0.00503618588
0.004962698735
0.004891093899
0.004822544298
0.004756501799
0.004689364627
0.004622429727
0.004553219996
0.00448179348
0.004412162025
0.004344168009
0.00427566718
0.004206873246
0.004135045146
0.004062641021
0.003989575123
0.003918308695
0.003849332478
0.003781016464
0.003713118891
0.003647594566
0.003585038351
0.003528163977
0.003475184276
0.003422453573
0.003369324344
0.003320145845
0.003277594137
0.003238489132
0.003200331135
0.003167690253
0.003139739056
0.003114907463
0.003097556285
0.003086287171
0.003078263581
0.003075070158
0.003072773084
0.00307295011
0.003074201457
0.003075827342
0.003079899349
0.003084484032
0.003088273424
0.003093022439
0.00310170861
0.003114127156
0.003128817574
0.00314229611
0.003155827101
0.003170607773
0.003186124765
0.003201059502
0.003216308921
0.00322809847
0.003240173323
0.003254749103
0.003269721368
0.003288254391
0.00330951563
0.003333634435
0.003360879425
0.00338904574
0.003420007912
0.003454057188
0.00348802102
0.00352224142
0.00355758599
0.003593108647
0.003630683847
0.003669966303
0.003711694189
0.003755363959
0.00380228084
0.003853106127
0.003907682857
0.003965415697
0.004025380784
0.004088894957
0.004154969274
0.004222965387
0.004292529856
0.004362912674
0.00443602219
0.004509278892
0.004580727526
0.004652645301
0.004725660619
0.004797219081
0.004868578032
0.00494118699
0.005014435209
0.005090879251
0.005170651577
0.005253166068
0.005335910708
0.005419891161
0.00550484962
0.00559168879
0.005678937932
0.005766388624
0.005853902406
0.005942606622
0.00603387531
0.006126911777
0.006221888001
0.006319032862
0.006416634773
0.006513862093
0.006610794721
0.006706600073
0.006801280558
0.006895379626
0.006987521879
0.007077747724
0.007164127853
0.007245894279
0.007322307546
0.007395915695
0.007463029793
0.007521152642
0.007571827973
0.007614862987
0.007651227445
0.007680695801
0.007703671679
0.007715283225
0.007710642155
0.007691316864
0.00764819903
0.007579971368
0.007489002406
0.007377425563
0.007236801749
0.007081230229
0.006916551779
0.006758035473
0.006616147792
0.006477414247
0.006326454475
0.006178991554
0.006041272892
0.005923521392
0.005819293276
0.005703960589
0.0055911431
0.005470535238
0.005348687737
0.005236718801
0.005145242703
0.005099832229
0.005131527763
0.00520674939
0.005298695337
0.005434159329
0.005618788167
0.00587963113
