43773.92799
30968.81187
25300.37762
21905.83981
19585.5789
17880.82984
16551.00131
15473.92539
14582.08793
13827.42781
13179.60724
12617.35022
12125.00424
11688.02227
11293.62106
10937.64285
10611.9616
10314.70719
10042.92249
9791.818561
9558.967305
9340.429295
9135.084094
8942.442192
8760.459476
8588.737539
8427.015149
8274.169323
8130.014713
7993.244233
7861.911726
7736.266492
7503.204851
7394.070099
7289.803796
7189.794246
7093.97446
6912.404504
6826.682168
6744.299556
6588.489633
6514.431502
6374.079259
6307.579164
6180.056844
6119.028444
6002.959124
5893.285031
5789.842186
5740.430255
5645.124093
5555.168297
5470.165952
5348.222974
5271.012364
5196.630513
5090.384319
5023.121115
4927.273078
4866.253212
4778.849465
4695.700969
4617.315781
4543.311384
4472.526805
4404.390538
4338.454658
4254.225836
4194.5963
4118.276959
4063.449992
3993.786009
3927.717639
3864.930954
3791.297922
3735.621477
3668.857245
3605.831195
3557.449999
3488.252737
3433.402557
3380.624075
3320.750208
3264.057061
3209.720057
3157.446086
3108.38389
3055.59992
3005.972204
2958.45246
2913.594862
2870.616312
2823.838546
2778.993396
2736.33801
2690.68346
2647.666312
2607.438407
2565.412482
2530.051639
2488.759248
2452.961796
2415.334045
2378.910444
2340.896179
2304.653314
2270.342541
2234.682508
2199.909692
2163.593378
2128.360382
2094.63632
2060.706401
2026.139063
1993.392809
1961.954046
1928.544524
1898.463249
1866.4273
1835.695841
1806.031326
1774.738167
1744.929002
1717.026631
1687.846716
1659.583829
1631.870658
1605.583142
1578.720212
1553.583479
1528.478844
1504.863378
1481.684528
1458.406943
1435.585419
1413.357231
1391.636476
1369.353368
1348.185641
1326.812076
1306.168913
1285.961093
1265.497561
1245.577208
1226.008544
1206.686806
1188.55922
1170.154784
1152.149363
1134.231496
1116.42659
1098.205013
1079.814877
1061.787631
1044.091356
1025.855078
1008.627587
992.0486352
976.1290688
960.718268
945.63394
930.8305985
916.7160598
903.3073204
890.023053
876.987102
863.6358717
850.449982
837.8467574
825.5745864
813.2761529
801.1968905
789.4616316
778.3445322
767.2001197
756.5771966
746.4098937
736.2209924
726.5797958
716.9650369
707.2634397
697.2848148
687.0063661
676.1678595
665.3643328
655.1003267
645.0368746
634.7768511
624.6258819
614.3836069
604.5176353
594.6642757
584.2517047
573.7902086
563.9229557
554.3582176
545.0463479
535.7761457
526.7481444
517.8590875
508.5049154
498.99145
489.8086688
481.2790478
473.5753481
465.6928159
457.5865076
449.9737775
443.0310344
436.075081
429.2466842
422.048157
414.8619609
408.5100649
401.8495322
395.2157831
389.0740606
383.5576613
377.9007734
371.7546491
365.1669613
358.5350346
351.8465188
345.3500999
339.1600882
332.6184901
326.4011631
320.8025384
314.8762516
308.5660473
302.3990281
296.3183297
290.409584
284.903487
279.9708288
275.0300351
270.5993414
266.4875722
261.7236934
256.9553996
252.3833069
248.3651604
244.3567996
240.379848
236.8758102
233.2459915
229.7468
226.1941314
222.4548557
219.2348489
216.6759566
213.9112886
211.2684487
209.273948
206.8713692
204.9961382
203.5127736
202.3234193
200.6103149
198.644862
196.9234261
195.5537044
194.0235537
193.1712597
192.0217942
189.916707
187.0583854
184.316228
182.0433528
180.2105264
178.4297
175.9977936
174.1063179
172.6952486
171.0102962
169.6701796
168.252379
166.9973351
165.421206
163.5371614
162.1938957
159.9723667
157.2590959
155.0284732
152.9396402
151.4611288
150.8975817
151.7533442
152.691704
153.6056951
154.1555044
154.3752762
155.4054679
156.4198923
157.8875806
159.2727997
160.4996392
160.9531192
161.1722427
161.2166234
161.0637897
160.5460636
160.1803819
159.7483952
157.7926473
154.6138645
151.0989533
146.7416883
142.0622663
136.8476901
132.9638315
128.4357979
123.3584621
119.1883542
116.0167403
112.2809419
110.3618914
106.5058582
103.2912329
101.2325882
99.45864375
98.73743977
96.43425339
94.46383515
91.50158082
89.49450492
