0.5675537276
0.4013261366
0.3276855859
0.2837876618
0.2538306432
0.2317175769
0.2145315337
0.200678442
0.189203871
0.1794968503
0.1711457233
0.1638616538
0.1574352017
0.1517103006
0.1465679536
0.1419156304
0.1376801502
0.1338027718
0.1302357257
0.1269397124
0.1238820648
0.1210353744
0.1183764515
0.115885525
0.1135456207
0.1113420721
0.1092621327
0.1072946636
0.1054298828
0.1036591589
0.1019748435
0.1003701315
0.09737583682
0.09597590823
0.09463474036
0.0933483352
0.09211306548
0.08978302459
0.08868249386
0.08762151951
0.08560917072
0.08465370584
0.08283512132
0.08196877216
0.08031474102
0.07952447079
0.07801159638
0.07658204937
0.07522845361
0.07457807758
0.07332647309
0.07213596108
0.07100172993
0.06939663303
0.06838526243
0.0674169585
0.06603883129
0.06516579847
0.06391898912
0.06312657464
0.06199148428
0.06091566735
0.05989414136
0.05892249113
0.05799678826
0.05711352433
0.05626955483
0.05520053996
0.05443773435
0.05346835162
0.05277449419
0.05189018395
0.05104906224
0.05024772726
0.04929741078
0.04857496379
0.04771524652
0.04689983136
0.04627691287
0.04538762091
0.04468465715
0.04401355247
0.04324701248
0.04251940653
0.04182755068
0.04116861393
0.04054006948
0.03984217353
0.0391793693
0.03854881573
0.03794798362
0.037374613
0.0367503685
0.03615664919
0.03559105032
0.03498569912
0.03441050239
0.03386304221
0.0332846705
0.03278896394
0.03221246921
0.03171422876
0.03119230504
0.0306956322
0.03018030028
0.02969040916
0.02922393849
0.02874293849
0.0282852688
0.02781640117
0.02737045772
0.02694563627
0.02651208381
0.02607232993
0.02565414379
0.02525582596
0.02482958378
0.0244466138
0.02403930473
0.02365213449
0.02328350556
0.02289593327
0.02252755829
0.02217685643
0.0218114265
0.02146397533
0.02111905533
0.02079073568
0.02045230835
0.02013041343
0.01980076762
0.0194873627
0.01917852367
0.0188745795
0.01857580083
0.01828240577
0.01799456539
0.01770431962
0.01742833037
0.01715083925
0.01687990612
0.01661548058
0.01635120719
0.01609390409
0.01584342441
0.01559421314
0.01535204049
0.01511181963
0.01487870374
0.01464803926
0.01442023955
0.01419565876
0.013978378
0.01376448801
0.01355422171
0.01334452636
0.01314220755
0.0129439723
0.01274713204
0.01255481235
0.01236452849
0.01217904169
0.01199831755
0.01182016584
0.01164485505
0.0114745408
0.01130545488
0.0111415206
0.01097930161
0.01082072439
0.01066586105
0.01051476216
0.01036480504
0.0102201951
0.01007714145
0.009938254573
0.009801350906
0.009667723319
0.00953840436
0.009410595751
0.009286346015
0.009164869619
0.009046305589
0.008931482455
0.008818346722
0.008709113493
0.008602522573
0.00849871605
0.008397811418
0.008299407241
0.008204602771
0.008112489581
0.008023192022
0.007936428981
0.007853073867
0.007772446819
0.00769466359
0.007619818769
0.007547718489
0.007478979148
0.007412891332
0.007349590141
0.007289580752
0.007232316937
0.007178252115
0.007126948297
0.007078806251
0.007033728083
0.00699165313
0.006952652556
0.006916692022
0.006883919679
0.006854290734
0.006827786101
0.006804408665
0.006784260804
0.00676733078
0.006753624864
0.006743181834
0.006736015015
0.006732158343
0.006731615225
0.0067344241
0.006740594767
0.006750157604
0.00676312463
0.00677955013
0.00679941555
0.006822780402
0.006849644879
0.006880040243
0.006914000332
0.00695151177
0.006992654547
0.007037411972
0.007085871047
0.007138010383
0.007193921417
0.007253514547
0.007316943176
0.007384241462
0.007455306927
0.007530369435
0.007609392903
0.00769233477
0.007779363733
0.007870508901
0.007965797783
0.008065331081
0.008169060473
0.008277161316
0.008389659705
0.008506657186
0.008628178808
0.008754326016
0.008885123041
0.009020826964
0.009161384612
0.009306975922
0.009457624984
0.009613512183
0.009774739901
0.009941332232
0.01011362666
0.01029156916
0.01047534081
0.01066512271
0.01086109596
0.01106336363
0.01127210704
0.01148750754
0.01170966899
0.01193892809
0.01217546608
0.01241938731
0.01267095088
0.01293033888
0.01319788697
0.01347385359
0.01375834469
0.01405169571
0.01435424149
0.01466624068
0.01498787671
0.01531963538
0.01566170029
0.01601448124
0.01637823769
0.01675337922
0.01714031491
0.01753937918
0.01795098109
0.0183754555
0.0188133596
0.01926510204
0.01973109167
0.02021181122
0.0207077433
0.02121944375
0.02174746807
0.02229222556
0.02285441781
0.02343459999
0.02403332738
0.02465122802
0.02528900232
0.02594727796
0.02662682726
0.02732820557
0.02805232932
0.028799826
0.02957161135
0.03036845671
0.03119113355
0.03204062861
0.03291778478
0.03382358823
0.03475895327
0.03572493716
0.03672252542
0.03775284628
0.0388169563
0.03991605455
0.04105126852
0.04222386803
0.04343512258
