0.7160194909
0.4538732574
0.3551718802
0.3006912307
0.2651764229
0.2397500643
0.220417202
0.2050885298
0.1925541044
0.182059442
0.1731068666
0.1653532624
0.1585534773
0.1525271218
0.147138143
0.1422817489
0.1378757515
0.1338546683
0.1301655998
0.1267652851
0.1236179573
0.1206937546
0.1179675237
0.1154179071
0.1130266379
0.1107779874
0.1086583294
0.1066557923
0.1047599792
0.1029617404
0.1012529874
0.0996265399
0.09659564084
0.095180328
0.09382543437
0.0925267816
0.09128058486
0.08893211598
0.08782385583
0.08675601145
0.08473217446
0.08377195041
0.08194552003
0.08107598354
0.07941683467
0.07862456091
0.07710863315
0.07567712858
0.07432249284
0.07367189377
0.07242035702
0.07123050659
0.07009743696
0.06849485048
0.06748557221
0.06651963357
0.0651454711
0.06427530627
0.06303306127
0.06224382853
0.06111366781
0.06004291882
0.059026553
0.05806011812
0.05713965607
0.0562616345
0.05542288972
0.05436078762
0.05360311113
0.05264047619
0.05195160256
0.05107382519
0.05023910053
0.04944402127
0.04850132101
0.04778480272
0.04693229138
0.04612385686
0.04550636345
0.04462494981
0.04392832031
0.04326334696
0.0425039064
0.04178312972
0.04109784511
0.04044523347
0.03982277957
0.03913170768
0.03847544035
0.03785115252
0.03725633009
0.03668872727
0.03607079541
0.03548310867
0.03492327949
0.03432412475
0.03375483274
0.03321300476
0.03264059278
0.0321499992
0.03157945323
0.03108635336
0.03056981089
0.03007825265
0.02956821797
0.02908335071
0.02862165033
0.02814555281
0.02769252974
0.02722840147
0.02678694341
0.02636637241
0.0259371328
0.02550172524
0.02508764355
0.02469320704
0.0242710856
0.0238917872
0.02348834893
0.02310482352
0.02273963178
0.02235563667
0.02199062516
0.02164309085
0.02128092414
0.02093653898
0.02059462608
0.02026913395
0.01993358467
0.01961439206
0.01928747747
0.01897663485
0.01867028777
0.01836876399
0.01807233374
0.01778121537
0.01749558085
0.01720753243
0.01693360859
0.01665817193
0.01638922491
0.01612672092
0.01586435368
0.01560889545
0.01536020433
0.01511276879
0.01487232196
0.01463381756
0.01440237645
0.01417338317
0.01394725344
0.01372434453
0.01350871232
0.01329648242
0.01308789231
0.01287992132
0.01267932579
0.01248284611
0.01228782601
0.01209737088
0.01190902895
0.01172554222
0.01154688347
0.01137089647
0.01119785793
0.01102990437
0.0108633313
0.01070201513
0.01054258563
0.01038695045
0.01023519105
0.01008736734
0.009940930699
0.009800000995
0.009660896329
0.009526171289
0.009393723181
0.009264821983
0.009140473094
0.009018003374
0.008899397327
0.008783920495
0.00867172429
0.008563605486
0.008457652185
0.008355959181
0.008257365913
0.008162026055
0.00807006756
0.007981148135
0.007896276127
0.007814650389
0.007736403137
0.007661313125
0.007590151409
0.007522348783
0.007458023739
0.007397271302
0.007339953306
0.007286567202
0.007236571398
0.00719009483
0.007147514001
0.007108448277
0.007073216252
0.007041542603
0.007013686762
0.00698958751
0.006969218208
0.006952620325
0.006939787118
0.006930770509
0.006925547312
0.006924116221
0.006926493658
0.006932674775
0.006942655848
0.006956446846
0.006974029825
0.006995415135
0.007020521114
0.007049451257
0.007082175672
0.00711858462
0.007158743263
0.007202592725
0.007250212328
0.007301461433
0.007356418935
0.007415008867
0.007477230903
0.007543084566
0.007612479929
0.00768550016
0.007762050225
0.007842213525
0.007925889312
0.008013159371
0.00810382286
0.008198052459
0.008295831958
0.008396952359
0.008501678244
0.00860989186
0.008721473602
0.00883658723
0.008955204008
0.009077293411
0.009202916838
0.009331946498
0.009464532559
0.009600636018
0.00974030782
0.009883505086
0.01003027378
0.01018056772
0.01033460399
0.01049224175
0.0106536019
0.01081862827
0.01098743381
0.01116004155
0.01133638933
0.01151674218
0.01170094868
0.01188910156
0.01208128783
0.01227758893
0.01247800416
0.01268260734
0.01289146745
0.01310457486
0.01332213847
0.01354421145
0.01377077203
0.01400193918
0.01423775567
0.01447839836
0.01472396679
0.01497442133
0.01522992152
0.01549061837
0.01575659066
0.0160278496
0.01630465585
0.01658700995
0.01687509528
0.01716896589
0.01746879223
0.01777473665
0.01808689612
0.01840542062
0.01873039722
0.0190620768
0.01940058908
0.0197460588
0.0200986598
0.02045855921
0.02082597035
0.02120109837
0.02158403886
0.02197508717
0.02237442778
0.0227822395
0.02319874475
0.02362420719
0.0240588346
0.02450292323
0.0249566209
0.02542030295
0.02589415124
0.02637852441
0.02687368205
0.02737987826
0.02789749281
0.02842680973
0.02896819304
0.02952195666
0.03008849248
0.03066814304
0.03126132714
0.03186841509
0.03248985188
0.03312603499
0.03377743524
0.03444451593
