43752.23706
30939.97165
25255.7422
21864.18454
19563.34342
17865.21137
16543.74079
15477.31983
14585.1765
13831.74026
13185.82919
12624.37287
12129.16069
11687.4698
11290.96364
10932.94429
10610.54207
10316.33999
10045.75662
9795.747982
9562.812808
9344.062792
9140.538342
8949.701593
8770.028332
8601.953578
8443.730478
8293.54327
8150.871995
8014.579631
7885.952118
7763.885706
7534.308756
7426.369488
7322.417541
7222.839939
7126.633204
6945.415935
6859.54565
6776.808404
6620.833973
6546.18315
6403.210556
6335.148197
6205.671142
6143.415203
6023.686834
5911.457437
5805.708332
5754.807471
5656.640272
5562.325707
5472.248146
5344.820205
5264.5022
5187.957172
5079.191154
5010.908292
4913.852874
4852.599849
4765.148894
4682.007014
4603.404265
4528.860822
4458.09501
4390.569421
4326.789966
4245.856594
4188.163048
4114.851861
4062.052388
3994.569413
3930.350529
3868.756585
3796.99662
3742.684458
3677.948772
3616.249809
3568.608798
3500.366141
3446.305238
3394.878619
3336.122469
3280.245238
3227.088262
3176.668572
3128.148883
3074.217888
3022.556606
2972.553905
2924.439603
2878.877946
2830.244089
2784.082246
2739.968225
2692.042873
2646.508801
2602.530471
2555.740374
2515.795459
2469.18317
2429.126203
2387.439882
2348.05934
2307.518945
2269.768147
2233.711474
2196.472891
2161.024115
2125.758706
2092.526961
2061.194155
2029.061384
1995.715067
1964.588475
1935.377269
1903.949791
1875.436007
1845.566333
1817.640313
1790.205682
1761.130713
1733.811266
1708.196095
1681.922087
1656.176158
1629.986217
1604.796541
1578.358013
1553.042949
1526.60321
1501.920687
1477.495549
1453.573074
1430.223758
1407.009035
1383.40732
1359.662662
1337.240752
1314.767724
1292.478822
1271.259565
1250.168605
1229.866217
1209.307702
1188.567374
1168.935389
1149.519329
1130.676444
1112.43286
1094.59965
1076.455065
1058.286862
1040.457879
1022.790311
1004.880764
987.0246712
969.5332799
952.0030398
934.5679345
917.1603229
900.5148444
883.8794613
866.7975743
849.8610656
833.3058511
817.4650783
803.0816709
788.6345386
773.9701509
759.2512274
744.0690186
729.0240969
715.1097213
701.8702802
689.0206642
676.7590687
665.176396
653.8093987
642.3574417
631.1319235
620.1295471
609.8120387
600.454065
591.8683837
583.3707753
574.5815546
564.9986738
554.2451371
543.7422177
533.6008805
524.1485712
515.5625182
507.5643948
499.7061527
491.8742854
484.5023566
477.0735094
469.6718138
463.2116271
457.4126792
451.7501568
446.5494192
440.9384511
434.3704345
427.3622588
420.6681494
414.6688924
409.25824
403.9440722
398.6574409
393.6868441
389.114953
384.3480361
379.3158966
374.4061407
369.6069257
364.9514958
360.6593193
356.4967168
351.6062655
346.8477219
341.6152771
336.2157345
330.5468109
325.798346
321.3062525
316.5813813
311.983404
306.2383534
300.6879216
296.1736763
291.5130683
286.7137564
281.6513625
276.1999568
269.843961
263.7080936
257.5495861
251.7901061
246.1702217
241.3316528
236.0969745
231.4383106
227.2267451
223.4722073
219.8938124
215.954023
211.6964085
207.6353186
204.5205464
201.7117736
198.3646957
194.9378806
191.5961748
188.7781408
186.2339383
184.6254222
182.3100834
179.724312
177.2346994
175.3443217
172.9907569
170.9356141
169.0301045
167.4485132
166.4725613
166.0951472
166.4045047
167.053615
167.4481811
168.3830459
168.9209507
169.0467507
169.4453064
169.9935194
171.224389
172.5443647
174.2391981
176.3256295
178.7189182
180.679142
182.8098291
185.0413973
187.1060743
188.4155456
189.2373661
190.0250598
190.3219218
190.0342368
189.0647998
187.9832728
186.540957
184.8275254
183.6388629
181.9973908
179.716004
177.0031749
174.6425075
172.0117089
168.9471982
166.5312476
164.8206867
162.3880302
159.7121602
158.6607082
158.9320954
159.804987
160.4881716
160.7405893
161.9941357
164.8433045
167.2032682
168.8205918
170.5294209
171.9081096
172.5681449
172.1074338
171.2566267
168.1967747
164.4775356
160.1361058
156.7785686
152.9359749
149.9000269
148.5075911
