44094.5106
30978.64969
25239.09425
21833.92678
19516.10971
17807.94146
16481.83633
15413.76711
14529.62198
13782.03004
13139.11145
12578.51897
12084.06081
11643.67931
11248.18583
10890.43883
10564.79247
10266.71656
9992.528232
9739.198498
9504.210167
9285.451781
9081.137224
8889.743984
8709.965155
8540.671702
8380.882503
8229.740332
8086.492438
7950.474731
7821.098788
7697.841117
7467.859165
7360.339194
7257.334506
7158.537682
7063.669828
6884.728655
6800.212564
6718.735283
6564.200051
6490.827709
6351.17621
6284.648867
6157.636248
6096.952089
5980.780529
5871.008298
5767.068701
5717.127893
5621.02032
5529.603916
5442.509084
5319.25723
5241.595927
5167.241251
5061.416006
4994.375928
4898.632605
4837.78187
4750.615433
4667.999411
4589.551226
4514.931869
4443.839719
4376.005407
4311.187508
4229.083726
4170.496226
4096.040451
4042.745537
3974.820032
3910.2097
3848.653401
3775.649811
3720.148923
3654.099672
3591.451012
3543.589848
3475.258847
3421.241858
3369.670353
3310.761714
3254.841647
3201.665766
3151.016777
3102.700735
3049.049838
2998.092664
2949.611147
2903.411162
2859.319247
2811.310996
2765.646052
2722.139841
2675.571149
2631.317404
2589.193016
2544.684963
2506.533846
2462.159491
2423.803504
2383.618952
2345.373148
2305.684616
2267.9495
2232.012715
2194.950428
2159.679635
2123.539242
2089.159248
2056.401304
2022.963337
1989.039657
1956.772397
1926.031081
1893.126478
1863.554729
1832.095161
1802.182504
1773.694095
1743.732472
1715.245582
1688.116381
1659.837926
1632.940731
1606.229195
1580.793102
1554.562908
1529.603017
1504.030196
1479.705356
1455.722754
1432.107705
1408.881039
1386.059549
1363.656409
1341.051355
1319.542003
1297.900224
1276.753997
1256.099465
1235.439679
1215.307174
1195.690667
1176.154721
1157.151313
1138.280982
1119.948271
1101.787013
1083.828957
1066.101294
1048.926149
1031.994533
1015.324307
998.6722886
982.578477
966.7812194
951.0652927
935.6793432
920.4237853
905.5192577
890.9630179
876.578067
862.384897
848.557611
834.7892844
821.3984586
808.1036455
795.0613197
782.2768317
769.7538737
757.2732849
745.1841021
733.1686149
721.4446336
709.8265641
698.4222249
687.3195176
676.2766084
665.4682634
654.8249247
644.356923
634.1365452
623.9787477
614.0803191
604.3260818
594.7265635
585.2904177
575.9773045
566.8896041
557.9389009
549.1343864
540.4448802
531.9556733
523.5957478
515.3737121
507.2966011
499.3399622
491.5697748
483.9032738
476.3507288
468.9698568
461.6904151
454.5663361
447.5357263
440.6486929
433.8886342
427.2418786
420.7145205
414.295127
408.0055077
401.8336867
395.7698043
389.8058534
383.9607038
378.2255426
372.5931382
367.0684488
361.6451761
356.3376941
351.120478
345.9992775
340.9871205
336.0707243
331.2543183
326.5270776
321.9005233
317.3647464
312.9238742
308.5754845
304.3176227
300.1538624
296.0773119
292.0916768
288.1912155
284.3796177
280.6520617
277.0157827
273.4626146
269.9926757
266.6123081
263.3119095
260.0949819
256.9643392
253.9148656
250.9472029
248.0619188
245.2574766
242.5365625
239.8959178
237.3364476
234.8573438
232.4595303
230.1423971
227.9068239
225.7499389
223.6741358
221.6781714
219.7631222
217.9280687
216.1732403
214.499642
212.905262
211.3919741
209.9594098
208.6073762
207.3358195
206.1452295
205.035607
204.0070202
203.0598927
202.1937
201.4086944
200.7053115
200.083477
199.5433444
199.0847767
198.707875
198.4128856
198.1997322
198.0684204
198.0190125
198.0515075
198.1659183
198.3621973
198.6403554
199.0002802
199.4419586
199.9653872
200.5704374
201.2570456
202.024982
202.8743865
203.8051122
204.8169562
205.9098273
207.083597
208.3382759
209.6738456
211.0898659
212.5866041
214.1639124
215.8215893
217.559583
219.378002
221.2767013
223.2559035
225.3151467
227.4549734
229.6750233
231.9757337
234.3570569
236.8188851
239.3616946
241.9854689
244.6905561
247.4770236
250.3452967
253.2955168
256.3281754
259.4434773
262.6419678
265.9239036
269.2898718
272.7403715
