91430.01701
63676.04474
51723.41231
44677.44907
39898.2312
36383.90692
33659.8244
31468.27745
29655.68969
28124.09843
26807.68202
25660.36037
24648.78158
23748.13147
22939.51465
22208.25498
21542.75669
20933.72011
20373.58833
19856.14859
19376.23974
18929.53393
18512.37123
18121.63269
17754.64169
17409.08644
17082.9584
16774.50301
16482.17985
16204.63013
15940.65008
15689.1689
15219.9781
15000.64145
14790.5258
14589.0027
14395.5021
14030.54014
13858.17395
13692.01111
13376.87124
13227.25193
12942.49003
12806.8405
12547.87131
12424.14549
12187.29752
11963.50622
11751.61459
11649.80809
11453.89407
11267.54955
11090.02013
10838.80001
10680.51146
10528.96669
10313.2878
10176.65996
9981.540617
9857.533859
9679.9035
9511.551275
9351.696782
9199.64853
9054.791322
8916.575763
8784.509479
8617.227762
8497.862206
8346.170541
8237.593321
8099.212504
7967.58883
7842.189861
7693.475044
7580.417674
7445.876199
7318.265063
7220.777323
7081.598314
6971.577533
6866.540147
6746.562015
6632.673727
6524.37718
6421.229499
6322.835411
6213.580009
6109.813109
6011.090311
5917.01601
5827.236715
5729.485882
5636.50918
5547.930501
5453.119659
5363.024953
5277.26823
5186.662058
5108.999613
5018.672169
4940.598631
4858.806248
4780.963218
4700.187221
4623.390365
4550.256696
4474.836126
4403.06474
4329.527636
4259.576308
4192.928919
4124.901864
4055.890905
3990.253806
3927.72479
3860.800219
3800.658695
3736.682651
3675.857315
3617.932836
3557.01825
3499.107323
3443.961657
3386.485684
3331.822969
3277.543602
3225.861974
3172.573393
3121.872094
3069.932853
3020.535455
2971.840361
2923.899152
2876.754276
2830.439961
2784.983073
2739.125557
2695.499896
2651.615227
2608.74539
2566.882578
2525.01996
2484.236973
2444.510694
2404.959623
2366.499102
2328.320939
2291.243848
2254.527483
2218.236642
2182.426845
2147.748889
2113.578985
2079.953662
2046.383281
2013.956878
1982.14718
1950.521584
1919.581185
1888.9253
1858.997938
1829.793711
1800.958054
1772.533011
1744.867703
1717.348895
1690.614064
1664.101945
1638.125743
1612.696706
1587.822708
1563.069902
1539.131425
1515.378942
1492.244274
1469.36233
1446.947049
1425.171612
1403.563106
1382.465364
1361.743769
1341.420044
1321.635459
1302.033732
1282.996422
1264.303066
1245.97594
1228.033499
1210.40139
1193.275021
1176.489143
1160.06343
1143.942543
1128.286702
1112.966672
1098.001021
1083.405076
1069.137533
1055.318662
1041.803565
1028.614326
1015.854031
1003.40382
991.3588592
979.6176618
968.2673577
957.2828722
946.6452084
936.3675362
926.4354201
916.8856249
907.7024041
898.8743422
890.393789
882.2908978
874.5560479
867.1827682
860.1807603
853.545127
847.2957193
841.4052522
835.8841755
830.7488005
825.9874746
821.6066431
817.5990868
813.9767838
810.7336864
807.8746504
805.3994588
803.3084287
801.604133
800.2845605
799.3516983
798.8048738
798.6451531
798.8726745
799.4865305
800.4873771
801.8754294
803.6468682
805.8056822
808.3493788
811.2739158
814.5824113
818.2732201
822.3441616
826.7959502
831.6223266
836.8270393
842.4067916
848.361706
854.6877887
861.384694
868.4477382
875.8846761
883.6861913
891.8554921
900.3868717
909.2831955
918.5427144
928.1588892
938.1430497
948.4836506
959.1824917
970.2411476
981.6609361
993.4383622
1005.574218
1018.069017
1030.91851
1044.131617
1057.707919
1071.642313
1085.938266
1100.594525
1115.618156
1131.011431
1146.767813
1162.893201
1179.392957
1196.26783
1213.514186
1231.144181
1249.153347
1267.548774
1286.329208
1305.500719
1325.068756
1345.03446
1365.40223
1386.172299
1407.355218
1428.95362
1450.969652
1473.408404
1496.27434
1519.574636
1543.315711
1567.496817
1592.129578
1617.218332
1642.766792
1668.781114
1695.269706
1722.237151
1749.693174
1777.637959
1806.085345
1835.036862
1864.504446
1894.493531
1925.008801
1956.062041
1987.658764
2019.808756
2052.518276
2085.797643
2119.653677
2154.097056
2189.134998
2224.778389
2261.034699
2297.914892
2335.428751
